68.440356567502022
68.442758928984404
68.439846213907003
68.444340454414487
68.445175250992179
68.443946070969105
54.929570671170950
54.903724510222673
54.913968328386545
54.918578736484051
54.918642412871122
54.910399150103331
41.937256922945380
41.974579976871610
41.941093038767576
41.942142443731427
41.949098598212004
41.946890087798238
33.593921169638634
33.550356317311525
33.560845673084259
33.566098956391215
33.562640449032187
33.567727206274867
23.796203268691897
23.778601992875338
23.777143042534590
23.779677972197533
23.775007637217641
23.774912090972066
18.413656368851662
18.415747467428446
18.406312981620431
18.407667074352503
18.400151291862130
18.407467653974891
12.609591251239181
12.613593436777592
12.605869904160500
12.609656814485788
12.611431756988168
12.610788581892848
6.3882965538650751
6.3876029476523399
6.3920704480260611
6.3895497433841228
6.3888182416558266
6.3917776755988598
5.1589148472994566
5.1611258462071419
5.1640131492167711
5.1617470849305391
5.1618866864591837
5.1615636795759201
4.2586322873830795
4.2687989268451929
4.2665644101798534
4.2660837583243847
4.2666843421757221
4.2667322717607021
