68.439053570851684
68.438018549233675
68.441931996494532
68.441535394638777
68.436961691826582
68.439179943874478
34.368353912606835
34.341680724173784
34.353424172848463
34.341652309522033
34.352476015686989
34.349991481751204
25.627952862530947
25.675110302865505
25.637234196066856
25.626864902675152
25.629333449527621
25.635153619572520
17.209766961634159
17.209243364632130
17.198493534699082
17.190378243103623
17.192015126347542
17.192809773609042
12.877234578132629
12.886487446725368
12.878157217055559
12.880977289751172
12.870077803730965
12.877838252112269
8.6250086911022663
8.6134601086378098
8.6154015883803368
8.6184486746788025
8.6173296477645636
8.6179364323616028
6.4521022830158472
6.4598420299589634
6.4575941767543554
6.4519459977746010
6.4543700069189072
6.4570835735648870
3.2394553013145924
3.2385275866836309
3.2386111561208963
3.2408748753368855
3.2390051260590553
3.2405217010527849
2.7734583616256714
2.7748434804379940
2.7753074765205383
2.7740438301116228
2.7748985625803471
2.7724740002304316
2.1628823056817055
2.1629111170768738
2.1623897925019264
2.1623692326247692
2.1611494980752468
2.1628758870065212
