1.2038050722330809
1.2158258855342865
1.2070286385715008
1.2022941280156374
1.2113949488848448
1.2012507207691669
1.2029493544250727
1.2152503393590450
1.2100172918289900
1.2047174535691738
1.2135668527334929
1.2014940939843655
1.2081682384014130
1.2060210909694433
1.2112167477607727
1.2017827220261097
1.2047827504575253
1.2030818630009890
1.2083325609564781
1.1983340755105019
1.2103192042559385
1.2095228657126427
1.2031911555677652
1.2059717252850533
1.2087531872093678
1.2065982241183519
1.2031961046159267
1.2129175979644060
1.2040652409195900
1.2074297387152910
1.2154204230755568
1.2076719254255295
1.2078734114766121
1.2103953119367361
1.2051755301654339
1.2050777133554220
1.2064869049936533
1.2077291607856750
1.2122077140957117
1.2155493292957544
1.2077464144676924
1.2047514822334051
1.2098982241004705
1.2044485807418823
1.2062604222446680
1.2079562526196241
1.2084290273487568
1.2059115767478943
1.2060694433748722
1.2036711778491735
1.2026106119155884
1.2065811790525913
1.2028798218816519
1.2122403755784035
1.2070468254387379
1.2031445838510990
1.2031750623136759
1.1953637003898621
1.2115013673901558
1.2094350475817919
