35.413027085363865
35.689957873895764
35.836636677384377
35.824549479410052
35.910728773102164
35.801174515858293
18.028286537155509
17.986697807908058
18.018611982464790
18.466904146596789
17.828084100037813
17.999537954106927
12.009219322353601
11.984359690919518
11.988014534115791
12.086448246613145
12.021214591339231
12.163750860840082
9.0462459102272987
9.0788884516805410
9.0019704662263393
9.0868206173181534
9.1580094266682863
9.0687784608453512
5.9982129372656345
5.9646627213805914
6.0004532895982265
5.8785158582031727
6.1372748780995607
5.9541189670562744
4.5959549825638533
4.4519037809222937
4.4924429003149271
4.4910837411880493
4.5333354808390141
4.5650328993797302
2.9233036953955889
2.8996718060225248
2.9765190500766039
2.8620658461004496
2.9283481426537037
2.9936728328466415
1.4990142118185759
1.5412967447191477
1.5137147661298513
1.4561229944229126
1.5078131835907698
1.4987843632698059
1.1892847064882517
1.1952921040356159
1.1548970378935337
1.1818506270647049
1.1867770813405514
1.1817016005516052
1.0003367718309164
0.97035442478954792
0.97098489664494991
0.98722433857619762
1.3023587223142385
0.95996789634227753
