36.631744800135493
37.345887361094356
37.008812816813588
37.053510429337621
37.521984880790114
37.075466347858310
19.486991785466671
19.175349351018667
19.042721642181277
19.215129543095827
19.116267593577504
19.252081863582134
13.192337319254875
13.297976132482290
13.163493126630783
13.353700160980225
13.229470368474722
13.455665592104197
10.419855318963528
10.401468681171536
10.077982962131500
10.118722997605801
10.069676207378507
10.125917306169868
7.2573923580348492
7.3781853914260864
7.1420170292258263
7.1512151379138231
7.0332628507167101
7.1605146266520023
5.7462805826216936
5.6838158145546913
5.8120486550033092
5.7644898854196072
5.7137444429099560
5.8194607384502888
4.1976140886545181
4.2168394848704338
4.1952012777328491
4.1724442150443792
4.2113448921591043
4.1526684015989304
2.6959471870213747
2.7189412917941809
2.6634607668966055
2.6927559878677130
2.6624562330543995
2.7240398544818163
2.3932922724634409
2.4000994730740786
2.3597397841513157
2.4762049969285727
2.4076715726405382
2.3747842442244291
2.1660460289567709
2.1906219776719809
2.1750504747033119
2.1735933255404234
2.1778161861002445
2.1968603115528822
