33.307150384411216
33.842784939333797
33.244785405695438
33.301250642165542
33.529239047318697
33.265221469104290
16.813361017033458
16.979453727602959
16.742873607203364
16.749567018821836
16.755190854892135
16.979163881391287
11.240688152611256
11.349853422492743
11.235621217638254
11.347323818132281
11.214654650539160
11.161360872909427
8.4446316938847303
8.4518527463078499
8.5710156895220280
8.4787943791598082
8.4148026425391436
8.4812549073249102
5.6122433040291071
5.6516800634562969
5.6545456424355507
5.6348531432449818
5.6480083558708429
5.6742059029638767
4.2213068157434464
4.2797100190073252
4.2569755911827087
4.2582454439252615
4.2639951892197132
4.2578060794621706
2.8517354354262352
2.8557064589112997
2.8534585982561111
2.8559792470186949
2.8575689457356930
2.8598676901310682
1.4383192025125027
1.5168791487812996
1.4362324122339487
1.4342003073543310
1.4397845976054668
1.4364634063094854
1.1547697074711323
1.1788136996328831
1.1518821120262146
1.1704056989401579
1.1685080435127020
1.1660087984055281
0.96488011442124844
1.0086655877530575
0.97027550637722015
1.0092243887484074
0.97575165331363678
0.97320902347564697
