34.510956916958094
35.058612268418074
34.451815366744995
34.503546169027686
34.740635443478823
34.466473817825317
18.016311947256327
18.194705180823803
17.952892383560538
17.954285876825452
17.968758674338460
18.180659299716353
12.448857448995113
12.555875759571791
12.446839421987534
12.549108194187284
12.419438805431128
12.364444261416793
9.6529655717313290
9.6501881219446659
9.7813363522291183
9.6883185543119907
9.6179950665682554
9.6872278433293104
6.8209976963698864
6.8582797106355429
6.8577430322766304
6.8477718420326710
6.8520749416202307
6.8816368430852890
5.4367287810891867
5.4873831067234278
5.4648504182696342
5.4686419647186995
5.4691719580441713
5.4628852084279060
4.0582237374037504
4.0634377058595419
4.0656673759222031
4.0715347416698933
4.0653174053877592
4.0646211691200733
2.6482186708599329
2.7213290240615606
2.6424941401928663
2.6421583686023951
2.6482147723436356
2.6423762775957584
2.3608404081314802
2.3824860211461782
2.3544941321015358
2.3769889082759619
2.3713893368840218
2.3782504331320524
2.1719284169375896
2.2118125017732382
2.1734520699828863
2.2045901324599981
2.1872553452849388
2.1826455704867840
