5.0445922836661339
5.0649188123643398
5.0520691759884357
5.0460813213139772
5.0385993104428053
5.0516399499028921
4.8889608811587095
4.8861734401434660
4.8852423280477524
4.8816938344389200
4.8784765452146530
4.8957155775278807
4.4222442731261253
4.4266534112393856
4.4263009261339903
4.4307056739926338
4.4234675206243992
4.4269369225949049
4.1181961335241795
4.1281083784997463
4.1152775734663010
4.1282556187361479
4.1242704149335623
4.1326397061347961
3.8974534217268229
3.9117715172469616
3.9123467579483986
3.9237903188914061
3.9039824344217777
3.9115487933158875
3.8187889140099287
3.8274373412132263
3.8256365973502398
3.8506629373878241
3.8273889552801847
3.8345507886260748
3.7830602228641510
3.7770584318786860
3.7800954505801201
3.7897668946534395
3.7657155655324459
3.7991448733955622
3.7791147064417601
3.7494654729962349
3.7593687493354082
3.7522753234952688
3.7453968841582537
3.7713124081492424
3.8154989834874868
3.8101110253483057
3.8183041531592607
3.8084527887403965
3.8285650666803122
3.8095921874046326
