4.40785773098468776E-004
4.43829240277409537E-004
4.41755061969161032E-004
4.40938808023929598E-004
4.41321173682808856E-004
4.41318443045020110E-004
5.89957524091005298E-004
5.86833901703357743E-004
5.88380515575408973E-004
5.87909448891878162E-004
5.86993802338838552E-004
5.88720541447401062E-004
4.00353591889142997E-004
4.01773251593112951E-004
4.01827491819858548E-004
4.00143468752503387E-004
4.01429578661918643E-004
4.01207912713289275E-004
3.12152184545993832E-004
3.10444889590144168E-004
3.11451183632016192E-004
3.12686186283826805E-004
3.13608346506953227E-004
3.11061264947056762E-004
2.35221402719616881E-004
2.33389127999544148E-004
2.36109441146254535E-004
2.37162653356790535E-004
2.35320644453167904E-004
2.33733946457505217E-004
2.20233747735619533E-004
2.17672331258654593E-004
2.10468793287873276E-004
2.18331834301352498E-004
2.14542433619499214E-004
2.19102310016751302E-004
2.29504911229014394E-004
2.30596221983432760E-004
2.29786651208996773E-004
2.29620557278394696E-004
2.29359248653054226E-004
2.31709945946931842E-004
2.35690344125032413E-004
2.35914703458547589E-004
2.36106006428599358E-004
2.36760295927524567E-004
2.35458832234144224E-004
2.35396606847643853E-004
2.65282006934285163E-004
2.59762763977050754E-004
2.57054856047034253E-004
2.56129939109087004E-004
2.61898629367351521E-004
2.57515285164117787E-004
